{
 "cells": [
  {
   "cell_type": "code",
   "execution_count": 4,
   "id": "fa88c49d",
   "metadata": {},
   "outputs": [
    {
     "name": "stdout",
     "output_type": "stream",
     "text": [
      "The autoreload extension is already loaded. To reload it, use:\n",
      "  %reload_ext autoreload\n"
     ]
    }
   ],
   "source": [
    "%load_ext autoreload\n",
    "%autoreload 2"
   ]
  },
  {
   "cell_type": "code",
   "execution_count": 5,
   "id": "d01fd467",
   "metadata": {},
   "outputs": [],
   "source": [
    "!python ../src/dataloader.py"
   ]
  },
  {
   "cell_type": "code",
   "execution_count": 6,
   "id": "cef39b2b",
   "metadata": {},
   "outputs": [],
   "source": [
    "import os\n",
    "import sys\n",
    "sys.path.insert(0, '../')"
   ]
  },
  {
   "cell_type": "code",
   "execution_count": 22,
   "id": "9ebe043d",
   "metadata": {},
   "outputs": [],
   "source": [
    "from src.dataloader import build_data_loader\n",
    "\n",
    "loader = build_data_loader(\n",
    "    data_dir='/home/data/ShapeNet/ShapeNetV1processed/',\n",
    "    split_name='train', #or 'val', 'test'\n",
    "    splits_file='../data/bench_splits.json',\n",
    "    batch_size=8,\n",
    "    num_workers=4,\n",
    "    multigpu=False,\n",
    "    shuffle=True,\n",
    "    num_samples=None\n",
    ")"
   ]
  },
  {
   "cell_type": "code",
   "execution_count": 23,
   "id": "fd0ea917",
   "metadata": {},
   "outputs": [],
   "source": [
    "batch = next(iter(loader))"
   ]
  },
  {
   "cell_type": "code",
   "execution_count": 24,
   "id": "d9b15a05",
   "metadata": {},
   "outputs": [
    {
     "data": {
      "text/plain": [
       "torch.Size([8, 3, 137, 137])"
      ]
     },
     "execution_count": 24,
     "metadata": {},
     "output_type": "execute_result"
    }
   ],
   "source": [
    "batch[0].shape #images"
   ]
  },
  {
   "cell_type": "code",
   "execution_count": 25,
   "id": "6fbcf3ea",
   "metadata": {},
   "outputs": [
    {
     "ename": "AttributeError",
     "evalue": "'NoneType' object has no attribute 'shape'",
     "output_type": "error",
     "traceback": [
      "\u001b[0;31m---------------------------------------------------------------------------\u001b[0m",
      "\u001b[0;31mAttributeError\u001b[0m                            Traceback (most recent call last)",
      "\u001b[0;32m<ipython-input-25-f7eda1102ab9>\u001b[0m in \u001b[0;36m<module>\u001b[0;34m\u001b[0m\n\u001b[0;32m----> 1\u001b[0;31m \u001b[0mbatch\u001b[0m\u001b[0;34m[\u001b[0m\u001b[0;36m1\u001b[0m\u001b[0;34m]\u001b[0m\u001b[0;34m.\u001b[0m\u001b[0mshape\u001b[0m\u001b[0;34m\u001b[0m\u001b[0;34m\u001b[0m\u001b[0m\n\u001b[0m",
      "\u001b[0;31mAttributeError\u001b[0m: 'NoneType' object has no attribute 'shape'"
     ]
    }
   ],
   "source": [
    "batch[1].shape #meshes"
   ]
  },
  {
   "cell_type": "code",
   "execution_count": 26,
   "id": "199bccb1",
   "metadata": {},
   "outputs": [
    {
     "data": {
      "text/plain": [
       "torch.Size([8, 10000, 3])"
      ]
     },
     "execution_count": 26,
     "metadata": {},
     "output_type": "execute_result"
    }
   ],
   "source": [
    "batch[2].shape #point clouds"
   ]
  },
  {
   "cell_type": "code",
   "execution_count": 27,
   "id": "9ac1253d",
   "metadata": {},
   "outputs": [
    {
     "data": {
      "text/plain": [
       "torch.Size([8, 10000, 3])"
      ]
     },
     "execution_count": 27,
     "metadata": {},
     "output_type": "execute_result"
    }
   ],
   "source": [
    "batch[3].shape #normals"
   ]
  },
  {
   "cell_type": "code",
   "execution_count": 28,
   "id": "ed73b6b2",
   "metadata": {},
   "outputs": [
    {
     "data": {
      "text/plain": [
       "('02828884-41fe326e3decebd1b40f0ac0fb9a650d-23',\n",
       " '02828884-9a87c9d904851205bfcc4c7214610fe3-17',\n",
       " '02828884-323f0787810ef9a285a030bdc6cb9884-21',\n",
       " '02828884-88fa7d07abfcf9f03cbbdb20d4d80207-07',\n",
       " '02828884-723138769c7c84eb5006d092e9ad4f03-13',\n",
       " '02828884-6ef84eb436bf63de8e7865f75f64bf68-21',\n",
       " '02828884-6ee844357bbc5bddd4d8765e3910f617-17',\n",
       " '02828884-5ce845f80b1d407282dde982679cd879-00')"
      ]
     },
     "execution_count": 28,
     "metadata": {},
     "output_type": "execute_result"
    }
   ],
   "source": [
    "batch[4]"
   ]
  },
  {
   "cell_type": "code",
   "execution_count": 10,
   "id": "c4dbd4c4",
   "metadata": {},
   "outputs": [
    {
     "data": {
      "text/plain": [
       "{'image_list': ['00.png',\n",
       "  '01.png',\n",
       "  '02.png',\n",
       "  '03.png',\n",
       "  '04.png',\n",
       "  '05.png',\n",
       "  '06.png',\n",
       "  '07.png',\n",
       "  '08.png',\n",
       "  '09.png',\n",
       "  '10.png',\n",
       "  '11.png',\n",
       "  '12.png',\n",
       "  '13.png',\n",
       "  '14.png',\n",
       "  '15.png',\n",
       "  '16.png',\n",
       "  '17.png',\n",
       "  '18.png',\n",
       "  '19.png',\n",
       "  '20.png',\n",
       "  '21.png',\n",
       "  '22.png',\n",
       "  '23.png'],\n",
       " 'intrinsic': tensor([[ 2.1875,  0.0000,  0.0000,  0.0000],\n",
       "         [ 0.0000,  2.1875,  0.0000,  0.0000],\n",
       "         [ 0.0000,  0.0000, -1.0020, -0.2002],\n",
       "         [ 0.0000,  0.0000, -1.0000,  0.0000]]),\n",
       " 'extrinsics': tensor([[[ 0.5900,  0.0000,  0.8074,  0.0000],\n",
       "          [ 0.3504,  0.9009, -0.2560,  0.0000],\n",
       "          [-0.7274,  0.4339,  0.5316, -1.5955],\n",
       "          [ 0.0000,  0.0000,  0.0000,  1.0000]],\n",
       " \n",
       "         [[ 0.9412,  0.0000,  0.3378,  0.0000],\n",
       "          [ 0.1480,  0.8989, -0.4124,  0.0000],\n",
       "          [-0.3036,  0.4381,  0.8461, -1.2371],\n",
       "          [ 0.0000,  0.0000,  0.0000,  1.0000]],\n",
       " \n",
       "         [[-0.2288,  0.0000,  0.9735,  0.0000],\n",
       "          [ 0.4645,  0.8788,  0.1092,  0.0000],\n",
       "          [-0.8555,  0.4772, -0.2011, -1.2603],\n",
       "          [ 0.0000,  0.0000,  0.0000,  1.0000]],\n",
       " \n",
       "         [[-0.9886,  0.0000, -0.1503,  0.0000],\n",
       "          [-0.0721,  0.8776,  0.4739,  0.0000],\n",
       "          [ 0.1319,  0.4794, -0.8676, -1.5424],\n",
       "          [ 0.0000,  0.0000,  0.0000,  1.0000]],\n",
       " \n",
       "         [[-0.1848,  0.0000,  0.9828,  0.0000],\n",
       "          [ 0.4289,  0.8998,  0.0807,  0.0000],\n",
       "          [-0.8843,  0.4364, -0.1663, -1.2465],\n",
       "          [ 0.0000,  0.0000,  0.0000,  1.0000]],\n",
       " \n",
       "         [[-0.5404,  0.0000,  0.8414,  0.0000],\n",
       "          [ 0.3621,  0.9026,  0.2326,  0.0000],\n",
       "          [-0.7595,  0.4304, -0.4878, -1.4237],\n",
       "          [ 0.0000,  0.0000,  0.0000,  1.0000]],\n",
       " \n",
       "         [[ 0.3781,  0.0000,  0.9258,  0.0000],\n",
       "          [ 0.4512,  0.8732, -0.1843,  0.0000],\n",
       "          [-0.8083,  0.4874,  0.3302, -1.1571],\n",
       "          [ 0.0000,  0.0000,  0.0000,  1.0000]],\n",
       " \n",
       "         [[ 0.8272,  0.0000,  0.5619,  0.0000],\n",
       "          [ 0.2641,  0.8827, -0.3888,  0.0000],\n",
       "          [-0.4960,  0.4700,  0.7301, -1.2500],\n",
       "          [ 0.0000,  0.0000,  0.0000,  1.0000]],\n",
       " \n",
       "         [[ 0.9240,  0.0000,  0.3823,  0.0000],\n",
       "          [ 0.1616,  0.9063, -0.3905,  0.0000],\n",
       "          [-0.3465,  0.4226,  0.8375, -1.5131],\n",
       "          [ 0.0000,  0.0000,  0.0000,  1.0000]],\n",
       " \n",
       "         [[-0.9593,  0.0000,  0.2824,  0.0000],\n",
       "          [ 0.1248,  0.8971,  0.4239,  0.0000],\n",
       "          [-0.2534,  0.4419, -0.8605, -1.2534],\n",
       "          [ 0.0000,  0.0000,  0.0000,  1.0000]],\n",
       " \n",
       "         [[ 0.9921,  0.0000, -0.1253,  0.0000],\n",
       "          [-0.0611,  0.8731, -0.4837,  0.0000],\n",
       "          [ 0.1094,  0.4875,  0.8662, -1.4632],\n",
       "          [ 0.0000,  0.0000,  0.0000,  1.0000]],\n",
       " \n",
       "         [[ 0.7107,  0.0000,  0.7035,  0.0000],\n",
       "          [ 0.3155,  0.8938, -0.3187,  0.0000],\n",
       "          [-0.6288,  0.4484,  0.6353, -1.2650],\n",
       "          [ 0.0000,  0.0000,  0.0000,  1.0000]],\n",
       " \n",
       "         [[ 0.5277,  0.0000,  0.8494,  0.0000],\n",
       "          [ 0.3796,  0.8946, -0.2358,  0.0000],\n",
       "          [-0.7599,  0.4469,  0.4721, -1.4695],\n",
       "          [ 0.0000,  0.0000,  0.0000,  1.0000]],\n",
       " \n",
       "         [[ 0.3910,  0.0000, -0.9204,  0.0000],\n",
       "          [-0.4596,  0.8664, -0.1952,  0.0000],\n",
       "          [ 0.7974,  0.4993,  0.3388, -1.6114],\n",
       "          [ 0.0000,  0.0000,  0.0000,  1.0000]],\n",
       " \n",
       "         [[ 0.9636,  0.0000,  0.2674,  0.0000],\n",
       "          [ 0.1167,  0.8997, -0.4207,  0.0000],\n",
       "          [-0.2406,  0.4366,  0.8669, -1.3430],\n",
       "          [ 0.0000,  0.0000,  0.0000,  1.0000]],\n",
       " \n",
       "         [[ 0.8585,  0.0000,  0.5128,  0.0000],\n",
       "          [ 0.2191,  0.9041, -0.3668,  0.0000],\n",
       "          [-0.4636,  0.4273,  0.7762, -1.2759],\n",
       "          [ 0.0000,  0.0000,  0.0000,  1.0000]],\n",
       " \n",
       "         [[-0.0562,  0.0000,  0.9984,  0.0000],\n",
       "          [ 0.4869,  0.8730,  0.0274,  0.0000],\n",
       "          [-0.8716,  0.4877, -0.0491, -1.4051],\n",
       "          [ 0.0000,  0.0000,  0.0000,  1.0000]],\n",
       " \n",
       "         [[-0.8189,  0.0000,  0.5739,  0.0000],\n",
       "          [ 0.2574,  0.8938,  0.3673,  0.0000],\n",
       "          [-0.5130,  0.4485, -0.7319, -1.4503],\n",
       "          [ 0.0000,  0.0000,  0.0000,  1.0000]],\n",
       " \n",
       "         [[-0.1637,  0.0000, -0.9865,  0.0000],\n",
       "          [-0.4893,  0.8683,  0.0812,  0.0000],\n",
       "          [ 0.8566,  0.4960, -0.1421, -1.4441],\n",
       "          [ 0.0000,  0.0000,  0.0000,  1.0000]],\n",
       " \n",
       "         [[ 0.3508,  0.0000, -0.9365,  0.0000],\n",
       "          [-0.4050,  0.9016, -0.1517,  0.0000],\n",
       "          [ 0.8443,  0.4325,  0.3163, -1.6349],\n",
       "          [ 0.0000,  0.0000,  0.0000,  1.0000]],\n",
       " \n",
       "         [[ 0.7954,  0.0000,  0.6061,  0.0000],\n",
       "          [ 0.2744,  0.8916, -0.3601,  0.0000],\n",
       "          [-0.5404,  0.4528,  0.7092, -1.4047],\n",
       "          [ 0.0000,  0.0000,  0.0000,  1.0000]],\n",
       " \n",
       "         [[-0.4362,  0.0000, -0.8999,  0.0000],\n",
       "          [-0.4176,  0.8858,  0.2024,  0.0000],\n",
       "          [ 0.7971,  0.4640, -0.3864, -1.5182],\n",
       "          [ 0.0000,  0.0000,  0.0000,  1.0000]],\n",
       " \n",
       "         [[-0.9504,  0.0000,  0.3112,  0.0000],\n",
       "          [ 0.1355,  0.9003,  0.4138,  0.0000],\n",
       "          [-0.2801,  0.4354, -0.8556, -1.5648],\n",
       "          [ 0.0000,  0.0000,  0.0000,  1.0000]],\n",
       " \n",
       "         [[ 0.1012,  0.0000, -0.9949,  0.0000],\n",
       "          [-0.4263,  0.9035, -0.0433,  0.0000],\n",
       "          [ 0.8989,  0.4285,  0.0914, -1.2837],\n",
       "          [ 0.0000,  0.0000,  0.0000,  1.0000]]])}"
      ]
     },
     "execution_count": 10,
     "metadata": {},
     "output_type": "execute_result"
    }
   ],
   "source": [
    "import torch\n",
    "import os\n",
    "\n",
    "SHAPENET_PATH = '/home/data/ShapeNet/ShapeNetV1processed/02691156/b2ceeee3c5b75962ac4f72bf08dc79a6'\n",
    "metadata = os.path.join(SHAPENET_PATH, 'metadata.pt')\n",
    "mesh = os.path.join(SHAPENET_PATH, 'mesh.pt')\n",
    "samples = os.path.join(SHAPENET_PATH, 'samples.pt')\n",
    "\n",
    "torch.load(metadata)"
   ]
  },
  {
   "cell_type": "code",
   "execution_count": 9,
   "id": "ad6a4003",
   "metadata": {},
   "outputs": [
    {
     "data": {
      "text/plain": [
       "torch.Size([4, 4])"
      ]
     },
     "execution_count": 9,
     "metadata": {},
     "output_type": "execute_result"
    }
   ],
   "source": [
    "metadata_dict = torch.load(metadata)\n",
    "metadata_dict['intrinsic'].shape"
   ]
  },
  {
   "cell_type": "code",
   "execution_count": 12,
   "id": "97f691ba",
   "metadata": {},
   "outputs": [
    {
     "data": {
      "text/plain": [
       "torch.Size([24, 4, 4])"
      ]
     },
     "execution_count": 12,
     "metadata": {},
     "output_type": "execute_result"
    }
   ],
   "source": [
    "metadata_dict['extrinsics'].shape"
   ]
  },
  {
   "cell_type": "code",
   "execution_count": 5,
   "id": "32ab0edd",
   "metadata": {},
   "outputs": [
    {
     "data": {
      "text/plain": [
       "{'verts': tensor([[-0.3183,  0.0352, -0.0613],\n",
       "         [-0.2931, -0.0545, -0.0000],\n",
       "         [-0.3879,  0.0352, -0.0613],\n",
       "         [-0.2202, -0.0425, -0.0082],\n",
       "         [-0.1688, -0.0341, -0.0139],\n",
       "         [-0.2931, -0.0545, -0.0000],\n",
       "         [-0.3183,  0.0352,  0.0613],\n",
       "         [-0.3879,  0.0352,  0.0613],\n",
       "         [-0.2202, -0.0425,  0.0082],\n",
       "         [-0.1688, -0.0341,  0.0139],\n",
       "         [ 0.2798,  0.0054, -0.0000],\n",
       "         [ 0.2486,  0.0042,  0.0165],\n",
       "         [ 0.2388,  0.0319, -0.0000],\n",
       "         [ 0.2486,  0.0042, -0.0165],\n",
       "         [ 0.2039, -0.0545,  0.0828],\n",
       "         [ 0.1740, -0.0527,  0.0828],\n",
       "         [ 0.1740, -0.0545,  0.0828],\n",
       "         [ 0.2039, -0.0527,  0.0828],\n",
       "         [ 0.0382, -0.0527,  0.0828],\n",
       "         [-0.1275, -0.0545,  0.0828],\n",
       "         [ 0.1613, -0.0545,  0.1041],\n",
       "         [ 0.1613, -0.0527,  0.1041],\n",
       "         [ 0.3430, -0.0545,  0.0133],\n",
       "         [ 0.2039,  0.0009,  0.0414],\n",
       "         [ 0.0382, -0.0545,  0.0828],\n",
       "         [ 0.1740, -0.0088,  0.0828],\n",
       "         [-0.1993, -0.0545,  0.0469],\n",
       "         [ 0.3430, -0.0527,  0.0133],\n",
       "         [-0.1563, -0.0545,  0.0438],\n",
       "         [ 0.3524, -0.0527,  0.0086],\n",
       "         [-0.1275, -0.0527,  0.0828],\n",
       "         [-0.1993, -0.0527,  0.0469],\n",
       "         [-0.2519, -0.0527,  0.3107],\n",
       "         [ 0.3739, -0.0545,  0.0086],\n",
       "         [ 0.3524, -0.0545,  0.0086],\n",
       "         [ 0.0934, -0.0170,  0.0552],\n",
       "         [ 0.2449, -0.0009,  0.0223],\n",
       "         [-0.1102, -0.0527,  0.0841],\n",
       "         [-0.2202, -0.0545,  0.0048],\n",
       "         [-0.2907, -0.0527,  0.0012],\n",
       "         [-0.1102, -0.0545,  0.0841],\n",
       "         [-0.2519, -0.0545,  0.3107],\n",
       "         [-0.2775, -0.0527,  0.2912],\n",
       "         [ 0.3739, -0.0527,  0.0086],\n",
       "         [ 0.2867,  0.0009, -0.0000],\n",
       "         [ 0.1210,  0.0009,  0.0414],\n",
       "         [-0.2931, -0.0545, -0.0000],\n",
       "         [-0.2202, -0.0509,  0.0048],\n",
       "         [-0.1563, -0.0509,  0.0438],\n",
       "         [-0.1563, -0.0421,  0.0438],\n",
       "         [-0.2931, -0.0527, -0.0000],\n",
       "         [-0.2775, -0.0545,  0.2912],\n",
       "         [-0.2626, -0.0527,  0.3107],\n",
       "         [ 0.3610, -0.0545,  0.0043],\n",
       "         [ 0.2798,  0.0054, -0.0000],\n",
       "         [ 0.3281, -0.0327, -0.0000],\n",
       "         [ 0.1770,  0.0371,  0.0134],\n",
       "         [-0.2238, -0.0545,  0.0026],\n",
       "         [-0.2112, -0.0509,  0.0103],\n",
       "         [ 0.1488,  0.0426, -0.0000],\n",
       "         [-0.2112, -0.0394,  0.0103],\n",
       "         [-0.2626, -0.0545,  0.3107],\n",
       "         [ 0.3610, -0.0527,  0.0043],\n",
       "         [ 0.1815,  0.0142,  0.0228],\n",
       "         [ 0.2426,  0.0055,  0.0185],\n",
       "         [ 0.2449, -0.0009, -0.0223],\n",
       "         [ 0.3524, -0.0527, -0.0086],\n",
       "         [ 0.2039,  0.0545, -0.0000],\n",
       "         [ 0.1811,  0.0345,  0.0134],\n",
       "         [-0.2907, -0.0527, -0.0012],\n",
       "         [-0.2202, -0.0545, -0.0048],\n",
       "         [-0.2280, -0.0545, -0.0000],\n",
       "         [-0.2202, -0.0390,  0.0048],\n",
       "         [ 0.3879, -0.0545, -0.0000],\n",
       "         [ 0.3695, -0.0545, -0.0000],\n",
       "         [ 0.1488, -0.0545, -0.0000],\n",
       "         [ 0.2426,  0.0055, -0.0185],\n",
       "         [ 0.3610, -0.0527, -0.0043],\n",
       "         [ 0.3695, -0.0527, -0.0000],\n",
       "         [-0.1993, -0.0545, -0.0469],\n",
       "         [-0.1563, -0.0509, -0.0438],\n",
       "         [-0.2112, -0.0394, -0.0103],\n",
       "         [-0.2202, -0.0509, -0.0048],\n",
       "         [-0.1563, -0.0545, -0.0438],\n",
       "         [-0.2238, -0.0545, -0.0026],\n",
       "         [ 0.1770,  0.0371, -0.0134],\n",
       "         [ 0.3879, -0.0527, -0.0000],\n",
       "         [ 0.2149,  0.0313,  0.0062],\n",
       "         [ 0.1815,  0.0142, -0.0228],\n",
       "         [ 0.2039,  0.0009, -0.0414],\n",
       "         [ 0.3524, -0.0545, -0.0086],\n",
       "         [-0.1993, -0.0527, -0.0469],\n",
       "         [-0.2112, -0.0509, -0.0103],\n",
       "         [-0.2202, -0.0390, -0.0048],\n",
       "         [ 0.3430, -0.0545, -0.0133],\n",
       "         [ 0.3610, -0.0545, -0.0043],\n",
       "         [ 0.1811,  0.0345, -0.0134],\n",
       "         [-0.1275, -0.0527, -0.0828],\n",
       "         [ 0.2314,  0.0366, -0.0000],\n",
       "         [ 0.2149,  0.0313, -0.0062],\n",
       "         [ 0.1210,  0.0009, -0.0414],\n",
       "         [ 0.0934, -0.0170, -0.0552],\n",
       "         [ 0.3430, -0.0527, -0.0133],\n",
       "         [ 0.3739, -0.0545, -0.0086],\n",
       "         [-0.1563, -0.0421, -0.0438],\n",
       "         [ 0.2388,  0.0319, -0.0000],\n",
       "         [ 0.2039, -0.0527, -0.0828],\n",
       "         [ 0.3739, -0.0527, -0.0086],\n",
       "         [-0.1275, -0.0545, -0.0828],\n",
       "         [ 0.0382, -0.0527, -0.0828],\n",
       "         [ 0.2482,  0.0055,  0.0157],\n",
       "         [ 0.1740, -0.0088, -0.0828],\n",
       "         [ 0.1740, -0.0527, -0.0828],\n",
       "         [ 0.2039, -0.0545, -0.0828],\n",
       "         [ 0.0382, -0.0545, -0.0828],\n",
       "         [-0.1102, -0.0527, -0.0841],\n",
       "         [ 0.2482,  0.0055, -0.0157],\n",
       "         [ 0.1613, -0.0527, -0.1041],\n",
       "         [ 0.1740, -0.0545, -0.0828],\n",
       "         [ 0.1613, -0.0545, -0.1041],\n",
       "         [-0.1102, -0.0545, -0.0841],\n",
       "         [-0.2775, -0.0545, -0.2912],\n",
       "         [-0.2775, -0.0527, -0.2912],\n",
       "         [-0.2519, -0.0545, -0.3107],\n",
       "         [-0.2626, -0.0527, -0.3107],\n",
       "         [-0.2519, -0.0527, -0.3107],\n",
       "         [-0.2626, -0.0545, -0.3107]]),\n",
       " 'faces': tensor([[ 0,  1,  2],\n",
       "         [ 1,  0,  3],\n",
       "         [ 2,  1,  0],\n",
       "         ...,\n",
       "         [88, 99, 76],\n",
       "         [99, 88, 96],\n",
       "         [96, 88, 99]])}"
      ]
     },
     "execution_count": 5,
     "metadata": {},
     "output_type": "execute_result"
    }
   ],
   "source": [
    "torch.load(mesh)"
   ]
  },
  {
   "cell_type": "code",
   "execution_count": 6,
   "id": "ad6ecb2f",
   "metadata": {},
   "outputs": [
    {
     "data": {
      "text/plain": [
       "{'points_sampled': tensor([[-0.2471, -0.0268, -0.0190],\n",
       "         [-0.2369, -0.0545, -0.2473],\n",
       "         [ 0.1146, -0.0545, -0.0903],\n",
       "         ...,\n",
       "         [-0.0964, -0.0251,  0.0343],\n",
       "         [-0.0138,  0.0026, -0.0115],\n",
       "         [-0.2993, -0.0238, -0.0210]]),\n",
       " 'normals_sampled': tensor([[ 3.2330e-07,  5.6475e-01,  8.2526e-01],\n",
       "         [ 0.0000e+00,  1.0000e+00,  0.0000e+00],\n",
       "         [ 0.0000e+00, -1.0000e+00,  0.0000e+00],\n",
       "         ...,\n",
       "         [ 1.9417e-01, -9.0083e-01, -3.8834e-01],\n",
       "         [ 1.9417e-01, -9.0083e-01,  3.8833e-01],\n",
       "         [ 3.2330e-07,  5.6475e-01,  8.2526e-01]])}"
      ]
     },
     "execution_count": 6,
     "metadata": {},
     "output_type": "execute_result"
    }
   ],
   "source": [
    "torch.load(samples)"
   ]
  },
  {
   "cell_type": "code",
   "execution_count": null,
   "id": "55a09de9",
   "metadata": {},
   "outputs": [],
   "source": []
  }
 ],
 "metadata": {
  "kernelspec": {
   "display_name": "Python 3",
   "language": "python",
   "name": "python3"
  },
  "language_info": {
   "codemirror_mode": {
    "name": "ipython",
    "version": 3
   },
   "file_extension": ".py",
   "mimetype": "text/x-python",
   "name": "python",
   "nbconvert_exporter": "python",
   "pygments_lexer": "ipython3",
   "version": "3.7.10"
  }
 },
 "nbformat": 4,
 "nbformat_minor": 5
}
